xi=0.01 xi=0.1 xi=1.0 xi=10.0 xi=100.0
1.000100010001 1.000100010001 1.000100010001 1.000100010001 1.000100010001
1.0004001600640255 1.0004001600640255 1.0004001600640255 1.0004001600640255 1.0004001600640255
1.0009008107296566 1.0009008107296566 1.0009008107296566 1.0009008107296566 1.0009008107296566
1.001602564102564 1.001602564102564 1.001602564102564 1.001602564102564 1.001602564102564
1.0025062656641603 1.0025062656641603 1.0025062656641603 1.0025062656641603 1.00250626566416
1.0036130068245686 1.0036130068245686 1.0036130068245686 1.0036130068245686 1.0036130068245652
1.0049241282283188 1.0049241282283188 1.0049241282283188 1.0049241282283183 1.004924128228289
1.0064412238325282 1.0064412238325282 1.0064412238325282 1.0064412238325262 1.0064412238323315
1.0081661457808246 1.0081661457808246 1.0081661457808246 1.0081661457808142 1.008166145779783
1.0101010101010102 1.0101010101010102 1.0101010101010095 1.0101010101009635 1.0101010100963619
1.0122482032594393 1.0122482032594393 1.0122482032594373 1.0122482032592586 1.0122482032413802
1.0146103896103895 1.0146103896103895 1.014610389610383 1.0146103896097636 1.0146103895477918
1.0171905197843556 1.0171905197843554 1.017190519784336 1.0171905197823834 1.0171905195871294
1.0199918400652794 1.0199918400652788 1.0199918400652221 1.019991840059549 1.0199918394922294
1.0230179028132993 1.0230179028132975 1.0230179028131439 1.0230179027977675 1.0230179012601321
1.026272577996716 1.026272577996712 1.0262725779963195 1.0262725779570832 1.0262725740334622
1.0297600659046442 1.0297600659046346 1.029760065903685 1.02976006580871 1.0297600563112466
1.0334849111202973 1.0334849111202755 1.0334849111180808 1.033484910898633 1.0334848889539294
1.0374520178441742 1.0374520178441256 1.03745201783926 1.0374520173527084 1.0374519686978796
1.0416666666666656 1.0416666666665617 1.0416666666561645 1.0416666656164268 1.0416665616441312
1.046134532900929 1.046134532900714 1.0461345328792182 1.0461345307296328 1.0461343157767495
1.0508617065994073 1.0508617065989758 1.0508617065558405 1.050861702242321 1.0508612709110388
1.055854714391291 1.0558547143904486 1.0558547143061974 1.0558547058810772 1.0558538634412264
1.061120543293702 1.0611205432920963 1.0611205431315305 1.0611205270749817 1.0611189216607504
1.0666666666666365 1.0666666666636442 1.0666666663644213 1.0666666364422022 1.0666636449900602
1.0725010725010173 1.0725010724955544 1.0725010719492605 1.0725010173201117 1.0724955567756154
1.078632294250791 1.0786322942410034 1.0786322932622407 1.078632195386693 1.0786224148804364
1.0850694444442703 1.0850694444270357 1.0850694427035863 1.085069270360664 1.0850520563621784
1.0918222513371807 1.091822251307315 1.0918222483207478 1.0918219496697037 1.091792141271797
1.0989010989005839 1.0989010988495895 1.0989010937501567 1.098900583822362 1.09884974513805
1.10631707047153 1.1063170703856444 1.1063170617971003 1.1063162029837872 1.1062307295716678
1.114081996433495 1.1140819962906736 1.114081982008537 1.114080553901355 1.1139387965728185
1.1222085063381073 1.122208506103397 1.1222084826323833 1.12220613580106 1.1219741089819224
1.130710085930113 1.1307100855486159 1.130710047398965 1.13070623310501 1.130331348775145
1.1396011395949401 1.1396011389811842 1.1396010776057683 1.1395949417006865 1.1389971112502395
1.1488970588136507 1.148897057835639 1.148896960034884 1.1488871838799135 1.14794663976657
1.158614297284827 1.1586142957402419 1.1586141412826665 1.15859870476304 1.1571401512171537
1.1687704534585006 1.1687704510393997 1.1687702091314538 1.1687460397684808 1.1665194297408352
1.1793843613253958 1.179384357566096 1.1793839816410645 1.1793464381380325 1.176005919210444
1.1904761904176095 1.1904761846181071 1.190475604678927 1.1904177212634957 1.1855019477741662
1.2020675561068996 1.2020675472208016 1.202066658635666 1.201978046107114 1.1948964538889029
1.2141816414369244 1.214181627908079 1.214180275077951 1.2140455329334514 1.2040752242886588
1.226843331899673 1.2268433114248194 1.2268412640579642 1.2266377027012918 1.212933523479622
1.240079364768102 1.2400793339530916 1.2400762527076101 1.2397706533581065 1.2213874231988244
1.2539184948317772 1.2539184486950132 1.2539138355643717 1.2534578881114349 1.2293804799285049
1.2683916786562077 1.2683916099131194 1.2683847367594052 1.267708697833428 1.2368845538797106
1.2835322798069029 1.2835321778410647 1.283521983681683 1.2825260047927889 1.243895943532834
1.2993762978549441 1.2993761472412537 1.2993610909211668 1.2979036145698135 1.250429182889279
1.3159626244228875 1.3159624028109447 1.3159402520554215 1.3138229249207056 1.2565106366998524
1.3333333300513333 1.333333005135484 1.3333005349884546 1.3302493357991392 1.2621731481976268
1.3515339862837294 1.351533511469618 1.3514860738122476 1.347128908961328 1.2674521514186519
1.370614028099859 1.370613336310599 1.370544246172579 1.3643861968428044 1.272383148546122
1.3906271627015065 1.3906261575278152 1.3905258193815235 1.3819244484201338 1.2770002496509394
1.411631831697485 1.4116303747535544 1.4114850403698376 1.3996293362188708 1.2813354530487966
1.4336917349873701 1.4336896278416194 1.4334796331818145 1.417376668586238 1.2854184022410893
1.4568764261511578 1.456873384490894 1.4565706521163262 1.435043268206142 1.2892764290365386
1.4812619909749998 1.4812576076374997 1.4808221178588445 1.4525188270286205 1.2929347562793805
1.50693182295594 1.5069255149700993 1.50630033748252 1.469715916576401 1.2964167810552105
1.5339775123258732 1.5339684449433626 1.5330727777215662 1.4865759388429223 1.299744391673636
1.5624998684374383 1.5624868459711698 1.5612063280165382 1.5030703207523486 1.3029382927556035
1.592610099416599 1.5925914080713712 1.5907647647847134 1.5191977867564928 1.306018325903606
1.6244311780069527 1.6244043590695032 1.62180523041695 1.534979362305852 1.3090037814547182
1.6580994287665476 1.6580609504466444 1.6543736037317673 1.5504527510253168 1.3119137016315723
1.693766379564011 1.6937111608217217 1.6884988140497486 1.5656672308526638 1.3147671783078585
1.7316009300957709 1.7315216474876538 1.7241864972052958 1.580679631080291 1.3175836504213512
1.7717919024883932 1.7716779776588811 1.7614129389840207 1.5955515140397507 1.320383207338389
1.8145510547270463 1.8143871699137843 1.80012092777076 1.6103474429519238 1.3231869055462961
1.8601166576881576 1.8598805706984993 1.8402196779261086 1.625134127819614 1.326017107167974
1.9087577623312904 1.908417077401778 1.8815909156525474 1.6399802406624506 1.3288978501423134
1.9607793169917094 1.960286693191669 1.9241020790837775 1.654956730514973 1.3318552616558939
2.0165283382636674 2.01581435150655 1.9676254037989422 1.6701375185041594 1.3349180287343065
2.0764013961854775 2.0753638680485436 2.012059332289375 1.685600500680709 1.3381179430057475
2.140853750194467 2.1393417493089575 2.0573475970490094 1.7014288270259623 1.3414905408292888
2.2104105733997246 2.2082003902058 2.1034923013041014 1.7177124596920248 1.34507586561414
2.285680838658387 2.2824399146325693 2.150559811187843 1.734550044509918 1.3489193867940026
2.367374624214508 2.3626075611720254 2.1986808130740374 1.7520511603274638 1.3530731203407151
2.4563248484090683 2.449293172107075 2.248047306736747 1.7703390444749156 1.357597010043031
2.553514789448656 2.5431192457443585 2.298909413093821 1.7895539338886255 1.3625606487217612
2.6601132261951443 2.6447246800072675 2.351574215301629 1.8098572156251551 1.3680454466108791
2.7775197041639093 2.7547436322845744 2.4064080707573066 1.8314366552563879 1.3741473941587492
2.907423363372008 2.8737857514914245 2.463843319112949 1.8545130781596286 1.380980624420423
3.051880062855422 3.002431214574576 2.5243901878552943 1.8793490343236063 1.388682065438722
3.213414325466484 3.141260362684516 2.5886549508081935 1.9062602096083558 1.3974176006976353
3.3951550307867033 3.2909367805528063 2.6573660111179085 1.935630700891612 1.4073903509366157
3.6010168468452415 3.452349646995804 2.731410619215113 1.9679338259431864 1.4188519957502748
3.835942854466689 3.626802210344217 2.8118865904201367 2.0037610248646445 1.4321185424259002
4.106226625220899 3.816225634654287 2.900176063201675 2.043862868577938 1.4475927553855632
4.419931473702459 4.023413883750383 2.998052829226284 2.0892086684752194 1.4657968304089977
4.787416162301686 4.2523107490499426 3.1078426199761138 2.141075547359845 1.4874213148744082
5.221959940020596 4.508422792932554 3.2326701030594336 2.201185847788648 1.5134007174651847
5.740494510164134 4.799485274454267 3.3768539757483667 2.2719271984165306 1.5450348184851248
6.364674655164996 5.136603177028104 3.5465678494169923 2.3567210601510173 1.5841921852441838
7.123360272665068 5.536300823191682 3.7510075030697068 2.4606743743927444 1.6336706441125914
8.059308230439575 6.024426811667599 4.0045967840921834 2.5918123579891295 1.6978804083759071
9.245142252558994 6.644225674252398 4.3315342358810165 2.763622033297362 1.7842559913233418
10.8190717753535 7.475029976765778 4.776316471564694 3.000945291239946 1.9065332909680155
13.076768962068238 8.683244479708458 5.4324504348066105 3.356074141785153 2.0937166039684088
16.78988964851938 10.70213877597632 6.543760718541336 3.965601091352501 2.421813689570684
25.03563235770692 15.265748944883564 9.087289268397823 5.377907057155275 3.19705909097649
